tick,total_infected,total_recovered,total_dead,total_healthy,hot_region_infected,cold_region_infected,moderate_region_infected,airport_usage,port_usage,num_isolated_countries,num_affected_countries,most_affected_country,most_deaths_country,hot_region_transmission_rate,cold_region_transmission_rate,moderate_region_transmission_rate,cross_border_infections,within_country_infections
0,3,0,0,11427,0,0,3,62,49,0,1,Romania,,0,0,0.0010242403550699897,0,3
1,5,0,0,11425,0,0,5,88,78,0,1,Romania,,0,0,0.001707067258449983,0,5
2,6,0,0,11424,0,0,6,98,96,0,1,Romania,,0,0,0.0020484807101399795,0,6
3,7,0,0,11423,0,0,7,107,106,0,1,Romania,,0,0,0.002389894161829976,0,7
4,9,0,0,11421,0,0,9,113,114,0,1,Romania,,0,0,0.0030727210652099694,0,9
5,12,0,0,11418,0,0,12,119,118,0,2,Romania,,0,0,0.004096961420279959,0,12
6,12,0,0,11418,0,0,12,126,127,0,2,Romania,,0,0,0.004096961420279959,0,12
7,15,0,0,11415,0,0,15,133,134,0,2,Romania,,0,0,0.005121201775349949,0,15
8,19,0,0,11411,0,0,19,139,144,0,4,Romania,,0,0,0.0064868555821099355,0,19
9,24,0,0,11406,0,0,24,142,150,0,4,Romania,,0,0,0.008193922840559918,0,24
10,28,0,0,11402,0,0,28,164,164,0,4,Romania,,0,0,0.009559576647319904,0,28
11,33,0,0,11397,0,0,33,178,180,0,4,Romania,,0,0,0.011266643905769888,0,33
12,38,0,0,11392,0,1,37,186,190,0,5,Romania,,0,5.05050505050505E-4,0.012632297712529874,0,38
13,44,0,0,11386,0,1,43,201,206,0,5,Romania,,0,5.05050505050505E-4,0.014680778422669852,0,44
14,48,0,0,11382,0,3,45,210,216,0,5,Romania,,0,0.0015151515151515152,0.015363605326049846,0,48
15,49,0,0,11381,0,3,46,219,226,0,5,Romania,,0,0.0015151515151515152,0.015705018777739842,0,49
16,52,0,0,11378,0,5,47,225,240,0,6,Romania,,0,0.0025252525252525255,0.01604643222942984,0,52
17,62,0,0,11368,0,9,53,236,249,0,9,Romania,,0,0.004545454545454545,0.01809491293956982,0,62
18,64,0,0,11366,0,9,55,245,260,0,9,Romania,,0,0.004545454545454545,0.018777739842949812,0,64
19,65,0,0,11365,0,10,55,254,266,0,9,Romania,,0,0.005050505050505051,0.018777739842949812,0,65
20,70,0,0,11360,0,10,60,270,275,0,11,Romania,,0,0.005050505050505051,0.020484807101399796,0,70
21,78,0,0,11352,0,11,67,278,282,0,11,Romania,,0,0.005555555555555556,0.022874701263229772,0,78
22,87,0,0,11343,1,11,75,284,292,0,12,Romania,,1.5335071308081582E-4,0.005555555555555556,0.025606008876749745,0,87
23,96,0,0,11334,1,13,82,291,302,0,13,Romania,,1.5335071308081582E-4,0.0065656565656565654,0.02799590303857972,0,96
24,100,1,0,11329,1,14,85,301,313,0,13,Romania,,1.5335071308081582E-4,0.007070707070707071,0.02902014339364971,0,100
25,105,2,0,11323,2,14,89,313,321,0,14,Romania,,3.0670142616163164E-4,0.007070707070707071,0.030385797200409695,0,105
26,116,2,0,11312,2,15,99,323,338,0,15,Romania,,3.0670142616163164E-4,0.007575757575757576,0.03379993171730966,0,116
27,123,3,0,11304,2,15,106,332,350,0,15,Romania,,3.0670142616163164E-4,0.007575757575757576,0.03618982587913964,0,123
28,126,6,0,11298,2,16,108,340,359,0,17,Romania,,3.0670142616163164E-4,0.00808080808080808,0.03687265278251963,0,126
29,131,8,0,11291,2,17,112,349,370,0,18,Poland,,3.0670142616163164E-4,0.008585858585858586,0.03823830658927962,0,131
30,139,8,0,11283,3,19,117,358,375,0,20,Poland,,4.6005213924244745E-4,0.009595959595959595,0.0399453738477296,0,139
31,150,9,1,11270,6,22,122,369,384,0,20,Poland,Romania,9.201042784848949E-4,0.011111111111111112,0.041652441106179584,0,150
32,162,9,2,11257,8,24,130,381,392,0,20,Poland,Romania,0.0012268057046465265,0.012121212121212121,0.04438374871969956,0,162
33,170,11,2,11247,9,26,135,389,394,0,20,Poland,Bulgaria,0.0013801564177273425,0.013131313131313131,0.04609081597814954,0,170
34,178,15,2,11235,10,26,142,396,402,0,20,Poland,Romania,0.0015335071308081583,0.013131313131313131,0.04848071013997952,0,178
35,186,16,2,11226,10,26,150,401,412,0,21,Poland,Bulgaria,0.0015335071308081583,0.013131313131313131,0.05121201775349949,0,186
36,202,16,3,11209,15,27,160,416,426,0,21,Poland,Romania,0.0023002606962122373,0.013636363636363636,0.05462615227039946,0,202
37,216,19,4,11191,18,27,171,426,437,0,21,Poland,Romania,0.002760312835454685,0.013636363636363636,0.05838170023898941,0,216
38,245,21,4,11160,22,30,193,438,445,0,22,Poland,Romania,0.003373715687777948,0.015151515151515152,0.06589279617616935,0,245
39,266,22,4,11138,26,33,207,448,456,0,22,Poland,Romania,0.003987118540101212,0.016666666666666666,0.0706725844998293,0,266
40,275,26,4,11125,28,33,214,456,465,0,22,Poland,Romania,0.004293819966262843,0.016666666666666666,0.07306247866165927,0,275
41,288,28,5,11109,32,35,221,464,477,0,22,Poland,Romania,0.004907222818586106,0.017676767676767676,0.07545237282348924,0,288
42,307,33,5,11085,38,36,233,477,487,0,22,Poland,Romania,0.005827327097071002,0.01818181818181818,0.0795493342437692,0,307
43,328,35,5,11062,43,36,249,488,494,0,22,Germany,Romania,0.00659408066247508,0.01818181818181818,0.08501194947080914,0,328
44,353,39,5,11033,46,36,271,500,504,0,22,Germany,Romania,0.007054132801717528,0.01818181818181818,0.09252304540798907,0,353
45,372,44,6,11008,50,41,281,505,509,0,22,Germany,Romania,0.007667535654040792,0.02070707070707071,0.09593717992488904,0,372
46,385,46,6,10993,55,42,288,513,518,0,22,Germany,Romania,0.00843428921944487,0.021212121212121213,0.09832707408671902,0,385
47,391,52,6,10981,59,41,291,521,525,0,23,Germany,Romania,0.009047692071768134,0.02070707070707071,0.099351314441789,0,391
48,399,56,7,10968,63,41,295,528,529,0,23,Germany,Ukraine,0.009661094924091397,0.02070707070707071,0.10071696824854899,0,399
49,413,62,7,10948,70,41,302,532,535,0,23,Germany,Ukraine,0.010734549915657109,0.02070707070707071,0.10310686241037897,0,413
50,422,67,8,10933,77,43,302,539,544,0,23,Germany,Ukraine,0.011808004907222818,0.021717171717171718,0.10310686241037897,0,422
51,431,71,9,10919,80,43,308,554,551,0,23,Germany,Ukraine,0.012268057046465266,0.021717171717171718,0.10515534312051895,0,431
52,457,75,10,10888,85,49,323,567,559,0,23,Germany,Ukraine,0.013034810611869346,0.024747474747474747,0.1102765448958689,0,457
53,473,82,10,10865,89,50,334,572,570,0,24,Germany,Ukraine,0.013648213464192609,0.025252525252525252,0.11403209286445885,0,473
54,479,89,10,10852,90,53,336,580,585,0,26,Germany,Ukraine,0.013801564177273424,0.026767676767676767,0.11471491976783885,0,479
55,486,101,11,10832,92,65,329,584,596,0,26,Germany,Ukraine,0.014108265603435055,0.03282828282828283,0.11232502560600888,0,486
56,505,106,11,10808,94,86,325,591,604,0,26,Germany,Ukraine,0.014414967029596687,0.043434343434343436,0.11095937179924889,0,505
57,503,117,12,10798,93,91,319,604,613,0,26,Germany,Ukraine,0.014261616316515872,0.04595959595959596,0.10891089108910891,0,503
58,498,131,12,10789,95,90,313,609,618,0,27,Germany,Ukraine,0.014568317742677504,0.045454545454545456,0.10686241037896893,0,498
59,497,139,12,10782,95,93,309,621,626,0,26,Germany,Ukraine,0.014568317742677504,0.04696969696969697,0.10549675657220894,0,497
60,493,147,13,10777,95,95,303,623,632,0,26,Germany,Ukraine,0.014568317742677504,0.047979797979797977,0.10344827586206896,0,493
61,483,161,14,10772,93,96,294,630,640,0,26,Germany,Ukraine,0.014261616316515872,0.048484848484848485,0.100375554796859,0,483
62,474,171,17,10768,90,97,287,645,645,0,25,Germany,Ukraine,0.013801564177273424,0.04898989898989899,0.09798566063502902,0,474
63,463,184,19,10764,88,98,277,651,656,0,25,Germany,Ukraine,0.013494862751111792,0.049494949494949494,0.09457152611812905,0,463
64,452,198,20,10760,84,95,273,659,667,0,24,Germany,Ukraine,0.01288145989878853,0.047979797979797977,0.09320587231136906,0,452
65,449,208,21,10752,83,97,269,667,678,0,24,Germany,Ukraine,0.012728109185707713,0.04898989898989899,0.09184021850460908,0,449
66,441,218,25,10746,80,97,264,676,685,0,24,Germany,Poland,0.012268057046465266,0.04898989898989899,0.0901331512461591,0,441
67,433,231,26,10740,76,98,259,687,693,0,23,Germany,Poland,0.011654654194142003,0.049494949494949494,0.08842608398770911,0,433
68,422,248,27,10733,72,100,250,696,697,0,22,Germany,Poland,0.01104125134181874,0.050505050505050504,0.08535336292249915,0,422
69,412,259,29,10730,66,99,247,707,704,0,22,Germany,Poland,0.010121147063333844,0.05,0.08432912256742915,0,412
70,399,274,31,10726,64,99,236,717,712,0,22,Germany,Poland,0.009814445637172212,0.05,0.0805735745988392,0,399
71,395,285,32,10718,63,100,232,722,718,0,22,Germany,Poland,0.009661094924091397,0.050505050505050504,0.07920792079207921,0,395
72,387,302,33,10708,62,101,224,735,734,0,22,Germany,Ukraine,0.00950774421101058,0.05101010101010101,0.07647661317855924,0,387
73,380,317,33,10700,56,104,220,742,740,0,22,Germany,Ukraine,0.008587639932525686,0.052525252525252523,0.07511095937179925,0,380
74,370,334,37,10689,53,105,212,753,746,0,22,Germany,Ukraine,0.008127587793283238,0.05303030303030303,0.07237965175827928,1,369
75,354,355,40,10681,49,108,197,763,754,0,22,Turkey,Italy,0.007514184940959976,0.05454545454545454,0.06725844998292933,0,354
76,338,376,42,10674,47,108,183,771,763,0,22,Turkey,Germany,0.0072074835147983435,0.05454545454545454,0.06247866165926937,0,338
77,331,392,44,10663,45,111,175,777,773,0,21,Turkey,Germany,0.006900782088636712,0.05606060606060606,0.0597473540457494,1,330
78,318,410,45,10657,40,112,166,790,782,0,20,Turkey,Germany,0.006134028523232633,0.05656565656565657,0.05667463298053943,0,318
79,302,431,46,10651,40,111,151,795,789,0,19,Turkey,Italy,0.006134028523232633,0.05606060606060606,0.05155343120518949,1,301
80,291,449,47,10643,38,113,140,802,799,0,18,Turkey,Germany,0.005827327097071002,0.05707070707070707,0.047797883236599524,2,289
81,292,460,47,10631,41,115,136,811,811,0,19,Turkey,Italy,0.006287379236313449,0.05808080808080808,0.04643222942983954,5,287
82,290,471,50,10619,45,117,128,822,822,0,19,Turkey,Germany,0.006900782088636712,0.05909090909090909,0.043700921816319564,7,283
83,285,484,51,10610,46,113,126,831,827,0,19,Turkey,Germany,0.007054132801717528,0.05707070707070707,0.04301809491293957,8,277
84,275,498,51,10606,42,113,120,838,839,0,20,Turkey,Germany,0.006440729949394265,0.05707070707070707,0.04096961420279959,9,266
85,268,508,55,10599,40,112,116,849,844,0,20,Turkey,Germany,0.006134028523232633,0.05656565656565657,0.039603960396039604,9,259
86,260,521,57,10592,44,110,106,854,851,0,20,Turkey,Germany,0.006747431375555896,0.05555555555555555,0.03618982587913964,11,249
87,252,538,63,10577,43,115,94,863,859,0,20,Turkey,Germany,0.00659408066247508,0.05808080808080808,0.03209286445885968,17,235
88,269,544,63,10554,53,121,95,877,871,0,22,Turkey,Germany,0.008127587793283238,0.06111111111111111,0.032434277910549675,22,247
89,279,551,67,10533,67,122,90,881,879,0,21,Turkey,Turkey,0.01027449777641466,0.06161616161616162,0.03072721065209969,28,251
90,292,561,68,10509,83,123,86,887,890,0,23,Turkey,Germany,0.012728109185707713,0.06212121212121212,0.029361556845339705,32,260
91,311,574,69,10476,101,126,84,899,906,0,25,India,Germany,0.015488422021162398,0.06363636363636363,0.02867872994195971,39,272
92,356,582,69,10423,140,131,85,910,916,0,25,India,Germany,0.021469099831314217,0.06616161616161616,0.02902014339364971,44,312
93,405,587,69,10369,177,139,89,918,926,0,24,India,Germany,0.0271430762153044,0.0702020202020202,0.030385797200409695,47,358
94,462,597,70,10301,227,143,92,929,932,0,24,India,Germany,0.03481061186934519,0.07222222222222222,0.031410037555479685,52,410
95,542,607,70,10211,300,150,92,935,939,0,22,India,Germany,0.046005213924244746,0.07575757575757576,0.031410037555479685,59,483
96,643,616,71,10100,396,151,96,947,945,0,24,India,Germany,0.06072688238000307,0.07626262626262627,0.03277569136223967,66,577
97,741,621,73,9995,486,152,103,957,949,0,24,India,Turkey,0.07452844655727649,0.07676767676767676,0.03516558552406965,68,673
98,829,625,73,9903,564,153,112,966,958,0,24,India,Turkey,0.08648980217758012,0.07727272727272727,0.03823830658927962,72,757
99,925,631,73,9801,651,154,120,973,969,0,24,India,Turkey,0.0998313142156111,0.07777777777777778,0.04096961420279959,76,849
100,1039,638,74,9679,753,161,125,985,980,0,24,India,Turkey,0.11547308694985432,0.08131313131313131,0.042676681461249574,76,963
101,1166,641,74,9549,863,172,131,991,990,0,24,India,Turkey,0.13234166538874406,0.08686868686868687,0.044725162171389554,74,1092
102,1276,648,74,9432,967,178,131,996,997,0,26,India,Turkey,0.1482901395491489,0.0898989898989899,0.044725162171389554,75,1201
103,1382,660,75,9313,1069,176,137,1006,1003,0,25,India,Turkey,0.16393191228339213,0.08888888888888889,0.046773642881529534,74,1308
104,1498,667,76,9189,1178,173,147,1015,1011,0,25,India,Turkey,0.18064714000920104,0.08737373737373737,0.0501877773984295,77,1421
105,1638,672,79,9041,1307,172,159,1024,1023,0,23,India,Turkey,0.20042938199662627,0.08686868686868687,0.05428473881870946,76,1562
106,1779,678,79,8894,1431,180,168,1036,1029,0,23,India,Turkey,0.21944487041864744,0.09090909090909091,0.05735745988391942,78,1701
107,1907,698,79,8746,1554,175,178,1042,1036,0,22,India,Turkey,0.2383070081275878,0.08838383838383838,0.06077159440081939,74,1833
108,2046,702,81,8601,1675,179,192,1050,1046,0,22,India,Turkey,0.2568624444103665,0.0904040404040404,0.06555138272447934,76,1970
109,2204,714,84,8428,1822,178,204,1058,1057,0,22,India,Turkey,0.2794049992332464,0.0898989898989899,0.0696483441447593,72,2132
110,2334,725,86,8285,1936,180,218,1066,1062,0,22,India,Turkey,0.29688698052445944,0.09090909090909091,0.07442813246841926,74,2260
111,2440,736,88,8166,2031,178,231,1074,1070,0,24,India,Turkey,0.3114552982671369,0.0898989898989899,0.0788665073403892,69,2371
112,2509,752,93,8076,2097,174,238,1082,1079,0,24,India,Turkey,0.3215764453304708,0.08787878787878788,0.08125640150221919,65,2444
113,2626,773,95,7936,2204,173,249,1091,1086,0,24,India,Turkey,0.3379849716301181,0.08737373737373737,0.08501194947080914,64,2562
114,2773,794,99,7764,2339,172,262,1104,1095,0,25,India,Turkey,0.3586873178960282,0.08686868686868687,0.08945032434277911,66,2707
115,2900,827,101,7602,2455,171,274,1118,1106,0,27,India,Turkey,0.37647600061340286,0.08636363636363636,0.09354728576305907,67,2833
116,2986,850,103,7491,2531,176,279,1127,1118,0,27,India,Turkey,0.38813065480754483,0.08888888888888889,0.09525435302150904,70,2916
117,3046,876,105,7403,2576,177,293,1129,1126,0,28,India,Turkey,0.3950314368961816,0.0893939393939394,0.100034141345169,66,2980
118,3091,906,110,7323,2597,181,313,1142,1134,0,30,India,India,0.3982518018708787,0.09141414141414142,0.10686241037896893,66,3025
119,3123,950,113,7244,2611,177,335,1152,1147,0,33,India,India,0.4003987118540101,0.0893939393939394,0.11437350631614886,68,3055
120,3145,995,118,7172,2615,179,351,1164,1156,0,35,India,India,0.4010121147063334,0.0904040404040404,0.1198361215431888,76,3069
121,3138,1038,121,7133,2603,179,356,1171,1163,0,36,India,India,0.3991719061493636,0.0904040404040404,0.12154318880163878,78,3060
122,3117,1099,127,7087,2569,175,373,1177,1173,0,37,India,India,0.39395798190461584,0.08838383838383838,0.12734721748036873,73,3044
123,3089,1168,137,7036,2526,176,387,1186,1180,0,37,India,India,0.38736390124214076,0.08888888888888889,0.13212700580402867,68,3021
124,3080,1232,143,6975,2488,185,407,1195,1189,0,38,India,India,0.38153657414506975,0.09343434343434344,0.1389552748378286,63,3017
125,3038,1311,153,6928,2422,193,423,1200,1194,0,38,India,India,0.3714154270817359,0.09747474747474748,0.14441789006486855,58,2980
126,2973,1399,161,6897,2358,192,423,1209,1202,0,39,India,India,0.3616009814445637,0.09696969696969697,0.14441789006486855,65,2908
127,2939,1482,170,6839,2315,191,433,1214,1210,0,41,India,India,0.35500690078208863,0.09646464646464646,0.14783202458176853,63,2876
128,2919,1553,179,6779,2273,204,442,1221,1219,0,42,India,India,0.34856617083269437,0.10303030303030303,0.15090474564697848,61,2858
129,2899,1629,185,6717,2243,208,448,1228,1230,0,44,India,India,0.3439656494402699,0.10505050505050505,0.15295322635711847,62,2837
130,2869,1703,200,6658,2206,207,456,1239,1237,0,46,India,India,0.3382916730562797,0.10454545454545454,0.15568453397063844,54,2815
131,2812,1803,212,6603,2152,199,461,1250,1250,0,45,India,India,0.33001073454991564,0.1005050505050505,0.15739160122908843,57,2755
132,2780,1897,222,6531,2102,203,475,1262,1257,0,45,India,India,0.32234319889587487,0.10252525252525252,0.16217138955274837,57,2723
133,2743,1989,238,6460,2051,205,487,1272,1261,0,46,India,India,0.31452231252875323,0.10353535353535354,0.16626835097302833,56,2687
134,2683,2096,254,6397,1980,205,498,1279,1264,0,47,India,India,0.30363441190001533,0.10353535353535354,0.1700238989416183,53,2630
135,2639,2189,271,6331,1927,200,512,1290,1275,0,48,India,India,0.29550682410673207,0.10101010101010101,0.17480368726527826,61,2578
136,2577,2302,286,6265,1849,194,534,1299,1279,0,48,India,India,0.2835454684864285,0.09797979797979799,0.18231478320245817,58,2519
137,2548,2407,300,6175,1788,197,563,1309,1287,0,50,India,India,0.2741910749884987,0.0994949494949495,0.19221577330146808,64,2484
138,2521,2507,313,6089,1718,199,604,1317,1294,0,51,India,India,0.26345652507284156,0.1005050505050505,0.20621372482075795,61,2460
139,2515,2603,323,5989,1666,206,643,1327,1302,0,52,India,India,0.25548228799263917,0.10404040404040404,0.2195288494366678,62,2453
140,2462,2708,337,5923,1596,202,664,1338,1311,0,52,India,India,0.24474773807698205,0.10202020202020202,0.22669853192215772,54,2408
141,2431,2801,343,5855,1547,200,684,1346,1315,0,51,China,India,0.2372335531360221,0.10101010101010101,0.23352680095595765,54,2377
142,2379,2894,355,5802,1483,201,695,1358,1324,0,51,China,India,0.22741910749884986,0.10151515151515152,0.23728234892454764,57,2322
143,2317,3001,368,5744,1397,210,710,1364,1331,0,51,China,India,0.2142309461738997,0.10606060606060606,0.24240355069989758,58,2259
144,2255,3090,383,5702,1337,206,712,1369,1338,0,51,China,India,0.20502990338905075,0.10404040404040404,0.24308637760327756,53,2202
145,2224,3158,392,5656,1286,214,724,1376,1344,0,51,China,India,0.19720901702192914,0.10808080808080808,0.24718333902355752,56,2168
146,2197,3239,401,5593,1229,219,749,1382,1351,0,51,China,India,0.18846802637632265,0.11060606060606061,0.25571867531580744,54,2143
147,2165,3319,411,5535,1169,213,783,1390,1363,0,51,China,India,0.1792669835914737,0.10757575757575757,0.26732673267326734,52,2113
148,2120,3406,421,5483,1108,211,801,1406,1372,0,52,China,India,0.16991259009354392,0.10656565656565657,0.27347217480368724,52,2068
149,2059,3499,427,5445,1044,204,811,1416,1382,0,52,China,India,0.16009814445637172,0.10303030303030303,0.2768863093205872,52,2007
150,2037,3558,442,5393,1014,206,817,1423,1389,0,52,China,India,0.15549762306394724,0.10404040404040404,0.2789347900307272,52,1985
151,2008,3634,444,5344,987,203,818,1432,1398,0,52,China,India,0.15135715381076523,0.10252525252525252,0.2792762034824172,49,1959
152,1995,3707,453,5275,967,198,830,1437,1404,0,52,China,India,0.1482901395491489,0.1,0.28337316490269715,46,1949
153,1988,3769,460,5213,952,197,839,1446,1414,0,51,China,India,0.14598987885293666,0.0994949494949495,0.28644588596790715,48,1940
154,1947,3840,466,5177,914,196,837,1450,1419,0,50,China,India,0.14016255175586567,0.09898989898989899,0.28576305906452715,47,1900
155,1927,3895,475,5133,894,199,834,1461,1425,0,51,China,India,0.13709553749424935,0.1005050505050505,0.28473881870945716,48,1879
156,1885,3970,484,5091,859,195,831,1472,1432,0,51,China,India,0.13172826253642078,0.09848484848484848,0.2837145783543872,49,1836
157,1868,4040,492,5030,831,197,840,1480,1438,0,50,China,India,0.12743444257015796,0.0994949494949495,0.28678729941959713,43,1825
158,1825,4111,499,4995,798,191,836,1487,1442,0,50,China,India,0.12237386903849103,0.09646464646464646,0.28542164561283717,38,1787
159,1798,4168,505,4959,773,192,833,1498,1454,0,51,China,India,0.11854010121147063,0.09696969696969697,0.28439740525776713,39,1759
160,1749,4240,512,4929,750,187,812,1506,1463,0,52,China,India,0.11501303481061187,0.09444444444444444,0.27722772277227725,38,1711
161,1691,4317,520,4902,709,186,796,1519,1467,0,52,China,India,0.10872565557429842,0.09393939393939393,0.2717651075452373,35,1656
162,1648,4373,526,4883,685,180,783,1528,1476,0,53,China,India,0.10504523846035885,0.09090909090909091,0.26732673267326734,35,1613
163,1608,4439,531,4852,658,173,777,1538,1481,0,54,China,India,0.10090476920717681,0.08737373737373737,0.2652782519631273,30,1578
164,1575,4504,538,4813,632,169,774,1550,1491,0,54,China,India,0.0969176506670756,0.08535353535353535,0.26425401160805734,25,1550
165,1541,4557,543,4789,608,164,769,1561,1499,0,54,China,India,0.09323723355313603,0.08282828282828283,0.26254694434960735,28,1513
166,1525,4599,545,4761,591,166,768,1565,1505,0,55,China,India,0.09063027143076215,0.08383838383838384,0.26220553089791737,28,1497
167,1502,4659,553,4716,570,176,756,1573,1511,0,53,China,India,0.08740990645606501,0.08888888888888889,0.25810856947763744,29,1473
168,1469,4727,562,4672,546,187,736,1576,1518,0,53,China,India,0.08372948934212544,0.09444444444444444,0.2512803004438375,28,1441
169,1441,4775,570,4644,523,188,730,1588,1524,0,50,China,India,0.08020242294126667,0.09494949494949495,0.2492318197336975,24,1417
170,1405,4828,578,4619,502,191,712,1596,1530,0,49,China,India,0.07698205796656954,0.09646464646464646,0.24308637760327756,21,1384
171,1374,4888,583,4585,494,191,689,1600,1536,0,50,China,India,0.07575525226192302,0.09646464646464646,0.23523386821440764,17,1357
172,1338,4942,589,4561,472,192,674,1612,1544,0,49,China,India,0.07238153657414508,0.09696969696969697,0.2301126664390577,17,1321
173,1310,4995,594,4531,456,192,662,1618,1548,0,50,China,India,0.06992792516485202,0.09696969696969697,0.22601570501877774,16,1294
174,1277,5045,599,4509,442,199,636,1626,1553,0,50,China,India,0.0677810151817206,0.1005050505050505,0.21713895527483784,11,1266
175,1240,5107,602,4481,424,208,608,1636,1557,0,50,China,India,0.0650207023462659,0.10505050505050505,0.20757937862751794,11,1229
176,1204,5163,607,4456,411,203,590,1642,1563,0,50,China,India,0.0630271430762153,0.10252525252525252,0.20143393649709798,10,1194
177,1142,5235,615,4438,391,197,554,1649,1571,0,50,China,India,0.05996012881459899,0.0994949494949495,0.1891430522362581,10,1132
178,1122,5284,619,4405,379,194,549,1658,1578,0,50,China,India,0.0581199202576292,0.09797979797979799,0.1874359849778081,10,1112
179,1095,5336,624,4375,361,194,540,1663,1588,0,51,China,India,0.055359607422174516,0.09797979797979799,0.18436326391259816,9,1086
180,1074,5378,632,4346,351,193,530,1667,1592,0,51,China,India,0.053826100291366356,0.09747474747474748,0.18094912939569818,10,1064
181,1059,5418,639,4314,347,192,520,1676,1598,0,50,China,India,0.05321269743904309,0.09696969696969697,0.17753499487879823,9,1050
182,1028,5473,646,4283,332,190,506,1687,1609,0,50,China,India,0.05091243674283085,0.09595959595959595,0.17275520655513826,10,1018
183,1021,5514,651,4244,324,192,505,1697,1614,0,49,China,India,0.049685631038184325,0.09696969696969697,0.1724137931034483,9,1012
184,998,5553,656,4223,308,190,500,1702,1623,0,48,China,India,0.04723201962889127,0.09595959595959595,0.1707067258449983,8,990
185,976,5590,660,4204,302,183,491,1712,1629,0,47,China,India,0.04631191535040638,0.09242424242424242,0.16763400477978832,7,969
186,964,5629,665,4172,298,182,484,1717,1638,0,45,China,India,0.04569851249808311,0.09191919191919191,0.16524411061795835,10,954
187,949,5668,669,4144,287,182,480,1727,1646,0,44,China,India,0.04401165465419414,0.09191919191919191,0.16387845681119836,10,939
188,925,5710,674,4121,275,181,469,1733,1654,0,41,China,India,0.042171446097224355,0.09141414141414142,0.1601229088426084,12,913
189,915,5744,679,4092,266,180,469,1747,1659,0,40,China,India,0.04079128967949701,0.09090909090909091,0.1601229088426084,11,904
190,893,5782,682,4073,261,170,462,1758,1664,0,41,China,India,0.04002453611409293,0.08585858585858586,0.1577330146807784,11,882
191,873,5809,687,4061,248,170,455,1770,1672,0,42,China,India,0.03803097684404232,0.08585858585858586,0.15534312051894844,10,863
192,854,5850,689,4037,237,162,455,1786,1680,0,40,China,India,0.03634411900015335,0.08181818181818182,0.15534312051894844,10,844
193,836,5879,695,4020,228,156,452,1792,1689,0,38,China,India,0.03496396258242601,0.07878787878787878,0.15431888016387846,9,827
194,806,5919,699,4006,217,151,438,1800,1696,0,36,China,India,0.03327710473853703,0.07626262626262627,0.1495390918402185,7,799
195,796,5952,699,3983,210,147,439,1801,1701,0,35,China,India,0.032203649746971326,0.07424242424242425,0.1498805052919085,4,792
196,778,5980,701,3971,208,147,423,1811,1710,0,34,China,India,0.03189694832080969,0.07424242424242425,0.14441789006486855,3,775
197,772,6005,706,3947,201,150,421,1823,1715,0,35,China,India,0.03082349332924398,0.07575757575757576,0.14373506316148857,4,768
198,765,6032,708,3925,198,148,419,1835,1722,0,35,China,India,0.030363441190001533,0.07474747474747474,0.14305223625810856,4,761
199,772,6049,709,3900,196,143,433,1845,1729,0,35,China,India,0.030056739763839904,0.07222222222222222,0.14783202458176853,4,768
200,776,6080,709,3865,190,142,444,1852,1732,0,34,China,India,0.029136635485355007,0.07171717171717172,0.15158757255035848,3,773
201,767,6121,710,3832,183,141,443,1862,1740,0,33,China,India,0.028063180493789298,0.07121212121212121,0.15124615909866848,5,762
202,777,6144,712,3797,185,140,452,1874,1747,0,33,China,India,0.028369881919950928,0.0707070707070707,0.15431888016387846,5,772
203,788,6166,713,3763,183,143,462,1885,1751,0,35,China,India,0.028063180493789298,0.07222222222222222,0.1577330146807784,5,783
204,783,6198,716,3733,178,141,464,1895,1765,0,34,China,India,0.027296426928385218,0.07121212121212121,0.15841584158415842,6,777
205,776,6226,721,3707,170,138,468,1902,1771,0,32,China,India,0.026069621223738692,0.0696969696969697,0.1597814953909184,5,771
206,783,6248,723,3676,169,144,470,1907,1777,0,31,China,India,0.025916270510657875,0.07272727272727272,0.16046432229429838,4,779
207,785,6271,726,3648,163,148,474,1915,1783,0,31,China,India,0.02499616623217298,0.07474747474747474,0.16182997610105837,3,782
208,772,6300,730,3628,162,150,460,1929,1794,0,31,China,India,0.024842815519092162,0.07575757575757576,0.15705018777739843,3,769
209,766,6324,734,3606,160,157,449,1938,1805,0,30,China,India,0.024536114092930533,0.07929292929292929,0.15329463980880847,4,762
210,750,6352,734,3594,155,156,439,1953,1809,0,29,China,India,0.023769360527526453,0.07878787878787878,0.1498805052919085,4,746
211,733,6381,739,3577,148,158,427,1960,1817,0,26,China,India,0.022695905535960743,0.0797979797979798,0.14578354387162853,4,729
212,728,6401,739,3562,147,164,417,1967,1825,0,27,China,India,0.022542554822879927,0.08282828282828283,0.14236940935472858,7,721
213,718,6429,743,3540,142,175,401,1978,1833,0,28,China,India,0.021775801257475847,0.08838383838383838,0.13690679412768864,6,712
214,725,6451,743,3511,142,193,390,1984,1844,0,29,China,India,0.021775801257475847,0.09747474747474748,0.13315124615909868,7,718
215,731,6466,747,3486,146,206,379,1991,1849,0,29,China,India,0.02238920410979911,0.10404040404040404,0.1293956981905087,6,725
216,726,6485,751,3468,149,212,365,2004,1857,0,28,China,India,0.022849256249041557,0.10707070707070707,0.12461590986684876,6,720
217,725,6502,752,3451,157,210,358,2017,1860,0,28,China,India,0.024076061953688086,0.10606060606060606,0.12222601570501877,5,720
218,712,6527,756,3435,161,209,342,2027,1871,0,28,China,India,0.02468946480601135,0.10555555555555556,0.11676340047797883,3,709
219,698,6551,761,3420,165,212,321,2036,1875,0,28,China,India,0.025302867658334612,0.10707070707070707,0.1095937179924889,3,695
220,681,6574,763,3412,169,209,303,2045,1882,0,28,China,India,0.025916270510657875,0.10555555555555556,0.10344827586206896,6,675
221,665,6599,764,3402,169,206,290,2055,1885,0,28,China,India,0.025916270510657875,0.10404040404040404,0.09900990099009901,5,660
222,656,6619,767,3388,172,205,279,2063,1893,0,29,China,India,0.02637632264990032,0.10353535353535354,0.09525435302150904,6,650
223,644,6638,769,3379,175,206,263,2073,1901,0,30,China,India,0.026836374789142768,0.10404040404040404,0.0897917377944691,5,639
224,621,6669,770,3370,170,204,247,2083,1909,0,32,China,India,0.026069621223738692,0.10303030303030303,0.08432912256742915,6,615
225,607,6691,773,3359,169,198,240,2087,1919,0,32,China,India,0.025916270510657875,0.1,0.08193922840559918,7,600
226,598,6712,776,3344,177,198,223,2103,1927,0,34,China,India,0.0271430762153044,0.1,0.07613519972686923,8,590
227,592,6733,776,3329,182,202,208,2113,1931,0,33,China,India,0.02790982978070848,0.10202020202020202,0.07101399795151929,8,584
228,567,6762,779,3322,184,197,186,2118,1937,0,33,China,India,0.02821653120687011,0.0994949494949495,0.06350290201433936,8,559
229,550,6785,781,3314,183,192,175,2127,1944,0,33,China,India,0.028063180493789298,0.09696969696969697,0.0597473540457494,6,544
230,542,6798,784,3306,183,193,166,2136,1951,0,32,China,India,0.028063180493789298,0.09747474747474748,0.05667463298053943,6,536
231,532,6820,788,3290,189,188,155,2140,1959,0,32,China,India,0.02898328477227419,0.09494949494949495,0.052919085011949474,3,529
232,526,6842,792,3270,204,182,140,2151,1967,0,30,China,India,0.031283545468486426,0.09191919191919191,0.047797883236599524,4,522
233,534,6862,796,3238,225,181,128,2159,1978,0,30,China,India,0.03450391044318356,0.09141414141414142,0.043700921816319564,4,530
234,549,6880,800,3201,254,179,116,2168,1988,0,30,China,India,0.03895108112252722,0.0904040404040404,0.039603960396039604,4,545
235,554,6905,802,3169,278,175,101,2177,1997,0,30,China,India,0.0426314982364668,0.08838383838383838,0.034482758620689655,4,550
236,558,6930,805,3137,303,169,86,2186,2005,0,30,Nigeria,India,0.04646526606348719,0.08535353535353535,0.029361556845339705,4,554
237,574,6945,806,3105,326,170,78,2199,2007,0,29,Nigeria,India,0.04999233246434596,0.08585858585858586,0.026630249231819735,2,572
238,581,6963,807,3079,344,164,73,2208,2014,0,29,Nigeria,India,0.05275264529980064,0.08282828282828283,0.024923181973369752,3,578
239,582,6984,809,3055,365,156,61,2214,2025,0,29,Nigeria,India,0.055973010274497775,0.07878787878787878,0.020826220553089792,3,579
240,592,6997,811,3030,383,151,58,2222,2028,0,29,Nigeria,India,0.05873332310995246,0.07626262626262627,0.019801980198019802,2,590
241,579,7027,813,3011,392,138,49,2227,2039,0,29,Nigeria,India,0.06011347952767981,0.0696969696969697,0.016729259132809832,2,577
242,589,7046,814,2981,416,133,40,2233,2045,0,29,Nigeria,India,0.06379389664161939,0.06717171717171717,0.013656538067599864,2,587
243,599,7063,815,2953,434,129,36,2236,2051,0,29,Nigeria,India,0.06655420947707406,0.06515151515151515,0.012290884260839878,2,597
244,620,7075,816,2919,463,125,32,2245,2066,0,29,Nigeria,India,0.07100138015641773,0.06313131313131314,0.010925230454079891,3,617
245,625,7094,819,2892,480,121,24,2251,2073,0,29,Nigeria,India,0.0736083422787916,0.06111111111111111,0.008193922840559918,3,622
246,631,7109,821,2869,496,115,20,2259,2082,0,29,Nigeria,India,0.07606195368808465,0.05808080808080808,0.006828269033799932,3,628
247,634,7126,823,2847,507,110,17,2272,2088,0,29,Nigeria,India,0.07774881153197362,0.05555555555555555,0.005804028678729942,1,633
248,636,7139,827,2828,519,103,14,2278,2091,0,29,Nigeria,India,0.07958902008894342,0.05202020202020202,0.004779788323659952,1,635
249,633,7153,829,2815,528,91,14,2284,2097,0,28,Nigeria,India,0.08096917650667075,0.04595959595959596,0.004779788323659952,0,633
250,637,7162,830,2801,532,91,14,2297,2101,0,29,Nigeria,India,0.08158257935899402,0.04595959595959596,0.004779788323659952,0,637
251,631,7178,833,2788,533,87,11,2305,2109,0,29,Nigeria,India,0.08173593007207483,0.04393939393939394,0.0037555479685899623,0,631
252,623,7198,833,2776,534,82,7,2317,2116,0,28,Nigeria,India,0.08188928078515566,0.04141414141414142,0.002389894161829976,0,623
253,616,7213,834,2767,531,79,6,2322,2117,0,28,Nigeria,India,0.0814292286459132,0.0398989898989899,0.0020484807101399795,0,616
254,613,7227,834,2756,532,75,6,2330,2124,0,28,Nigeria,India,0.08158257935899402,0.03787878787878788,0.0020484807101399795,0,613
255,601,7246,837,2746,526,70,5,2338,2137,0,28,Nigeria,India,0.08066247508050912,0.03535353535353535,0.001707067258449983,0,601
256,595,7265,837,2733,526,65,4,2352,2141,0,27,Nigeria,India,0.08066247508050912,0.03282828282828283,0.0013656538067599864,0,595
257,592,7281,838,2719,527,62,3,2363,2151,0,28,Nigeria,India,0.08081582579358994,0.031313131313131314,0.0010242403550699897,0,592
258,584,7301,841,2704,516,65,3,2374,2160,0,29,Nigeria,India,0.07912896794970097,0.03282828282828283,0.0010242403550699897,0,584
259,575,7321,846,2688,509,64,2,2381,2165,0,29,Nigeria,India,0.07805551295813526,0.03232323232323232,6.828269033799932E-4,0,575
260,564,7338,849,2679,504,58,2,2389,2170,0,29,Nigeria,India,0.07728875939273118,0.029292929292929294,6.828269033799932E-4,0,564
261,549,7360,851,2670,492,55,2,2398,2175,0,28,Nigeria,India,0.07544855083576138,0.027777777777777776,6.828269033799932E-4,0,549
262,535,7380,852,2663,479,54,2,2408,2179,0,29,Nigeria,India,0.07345499156571078,0.02727272727272727,6.828269033799932E-4,0,535
263,512,7402,855,2661,459,51,2,2419,2180,0,27,Nigeria,India,0.07038797730409446,0.025757575757575757,6.828269033799932E-4,0,512
264,495,7427,858,2650,448,45,2,2433,2183,0,27,Nigeria,India,0.06870111946020549,0.022727272727272728,6.828269033799932E-4,0,495
265,487,7440,859,2644,437,48,2,2445,2188,0,27,Nigeria,India,0.06701426161631652,0.024242424242424242,6.828269033799932E-4,0,487
266,478,7454,861,2637,428,48,2,2451,2196,0,28,Nigeria,India,0.06563410519858917,0.024242424242424242,6.828269033799932E-4,0,478
267,464,7470,864,2632,417,45,2,2458,2208,0,28,Nigeria,India,0.0639472473547002,0.022727272727272728,6.828269033799932E-4,0,464
268,448,7488,865,2629,402,44,2,2464,2217,0,28,Nigeria,India,0.06164698665848796,0.022222222222222223,6.828269033799932E-4,0,448
269,433,7505,870,2622,391,40,2,2474,2227,0,25,Nigeria,India,0.05996012881459899,0.020202020202020204,6.828269033799932E-4,0,433
270,421,7521,870,2618,378,41,2,2477,2232,0,26,Nigeria,India,0.05796656954454838,0.02070707070707071,6.828269033799932E-4,0,421
271,409,7537,872,2612,365,42,2,2488,2245,0,27,Ethiopia,India,0.055973010274497775,0.021212121212121213,6.828269033799932E-4,0,409
272,386,7567,873,2604,340,44,2,2493,2251,0,27,Ethiopia,India,0.052139242447477384,0.022222222222222223,6.828269033799932E-4,0,386
273,374,7584,875,2597,325,47,2,2503,2255,0,27,Ethiopia,India,0.049838981751265145,0.023737373737373738,6.828269033799932E-4,0,374
274,352,7608,877,2593,304,46,2,2518,2260,0,26,Ethiopia,India,0.04661861677656801,0.023232323232323233,6.828269033799932E-4,0,352
275,346,7620,877,2587,295,49,2,2532,2265,0,26,Ethiopia,India,0.04523846035884067,0.024747474747474747,6.828269033799932E-4,0,346
276,334,7634,880,2582,281,51,2,2540,2271,0,26,Ethiopia,India,0.04309155037570925,0.025757575757575757,6.828269033799932E-4,0,334
277,326,7650,882,2572,272,52,2,2551,2274,0,27,Ethiopia,India,0.0417113939579819,0.026262626262626262,6.828269033799932E-4,0,326
278,315,7665,884,2566,260,53,2,2562,2282,0,27,Ethiopia,India,0.039871185401012116,0.026767676767676767,6.828269033799932E-4,0,315
279,316,7676,885,2553,256,57,3,2569,2290,0,27,Ethiopia,India,0.03925778254868885,0.02878787878787879,0.0010242403550699897,0,316
280,301,7699,886,2544,243,55,3,2579,2298,0,26,Ethiopia,India,0.037264223278638244,0.027777777777777776,0.0010242403550699897,0,301
281,296,7708,890,2536,237,56,3,2588,2303,0,26,Ethiopia,India,0.03634411900015335,0.028282828282828285,0.0010242403550699897,0,296
282,295,7717,892,2526,235,57,3,2595,2311,0,25,Ethiopia,India,0.03603741757399172,0.02878787878787879,0.0010242403550699897,0,295
283,294,7731,892,2513,231,60,3,2603,2318,0,25,Ethiopia,India,0.03542401472166846,0.030303030303030304,0.0010242403550699897,0,294
284,290,7745,894,2501,228,59,3,2618,2325,0,24,Ethiopia,India,0.03496396258242601,0.0297979797979798,0.0010242403550699897,0,290
285,296,7753,896,2485,232,62,2,2632,2337,0,25,Ethiopia,India,0.03557736543474927,0.031313131313131314,6.828269033799932E-4,0,296
286,296,7767,897,2470,230,64,2,2642,2341,0,26,Ethiopia,India,0.03527066400858764,0.03232323232323232,6.828269033799932E-4,0,296
287,300,7777,898,2455,233,65,2,2656,2344,0,26,Kenya,India,0.035730716147830084,0.03282828282828283,6.828269033799932E-4,0,300
288,301,7789,898,2442,236,63,2,2668,2354,0,26,Kenya,India,0.03619076828707254,0.031818181818181815,6.828269033799932E-4,0,301
289,301,7803,899,2427,235,64,2,2676,2359,0,26,Kenya,India,0.03603741757399172,0.03232323232323232,6.828269033799932E-4,0,301
290,302,7813,903,2412,235,65,2,2690,2367,0,26,Kenya,India,0.03603741757399172,0.03282828282828283,6.828269033799932E-4,0,302
291,302,7826,905,2397,235,66,1,2701,2370,0,26,Kenya,India,0.03603741757399172,0.03333333333333333,3.414134516899966E-4,0,302
292,302,7836,907,2385,234,67,1,2711,2376,0,24,Kenya,India,0.035884066860910904,0.03383838383838384,3.414134516899966E-4,0,302
293,305,7846,908,2371,238,66,1,2719,2385,0,23,Kenya,India,0.036497469713234164,0.03333333333333333,3.414134516899966E-4,0,305
294,306,7857,908,2359,237,68,1,2728,2392,0,22,Kenya,India,0.03634411900015335,0.03434343434343434,3.414134516899966E-4,0,306
295,310,7868,908,2344,235,74,1,2742,2398,0,24,Kenya,India,0.03603741757399172,0.03737373737373737,3.414134516899966E-4,0,310
296,326,7869,908,2327,249,76,1,2753,2404,0,24,Kenya,India,0.03818432755712314,0.03838383838383838,3.414134516899966E-4,0,326
297,332,7878,908,2312,253,78,1,2763,2418,0,24,Kenya,India,0.0387977304094464,0.03939393939393939,3.414134516899966E-4,0,332
298,339,7882,908,2301,262,76,1,2770,2423,0,24,Kenya,India,0.04017788682717375,0.03838383838383838,3.414134516899966E-4,0,339
299,349,7888,909,2284,269,79,1,2780,2429,0,24,Kenya,India,0.041251341818739455,0.0398989898989899,3.414134516899966E-4,0,349
300,350,7894,910,2276,268,81,1,2796,2437,0,24,Kenya,India,0.04109799110565864,0.04090909090909091,3.414134516899966E-4,0,350
301,352,7901,911,2266,268,83,1,2808,2442,0,23,Kenya,India,0.04109799110565864,0.04191919191919192,3.414134516899966E-4,0,352
302,354,7905,913,2258,267,86,1,2815,2445,0,23,Kenya,India,0.04094464039257783,0.043434343434343436,3.414134516899966E-4,0,354
303,351,7915,915,2249,266,84,1,2822,2451,0,23,Kenya,India,0.04079128967949701,0.04242424242424243,3.414134516899966E-4,0,351
304,348,7926,916,2240,263,84,1,2835,2453,0,23,Uganda,India,0.04033123754025456,0.04242424242424243,3.414134516899966E-4,0,348
305,347,7936,916,2231,265,81,1,2847,2464,0,23,Uganda,India,0.040637938966416196,0.04090909090909091,3.414134516899966E-4,0,347
306,347,7944,916,2223,264,82,1,2856,2473,0,23,Uganda,India,0.040484588253335375,0.04141414141414142,3.414134516899966E-4,0,347
307,354,7951,916,2209,269,84,1,2863,2478,0,23,Uganda,India,0.041251341818739455,0.04242424242424243,3.414134516899966E-4,0,354
308,350,7961,917,2202,264,85,1,2875,2485,0,22,Uganda,India,0.040484588253335375,0.04292929292929293,3.414134516899966E-4,0,350
309,352,7966,918,2194,265,86,1,2881,2496,0,22,Uganda,India,0.040637938966416196,0.043434343434343436,3.414134516899966E-4,0,352
310,353,7976,919,2182,260,92,1,2890,2500,0,22,Uganda,India,0.039871185401012116,0.046464646464646465,3.414134516899966E-4,0,353
311,345,7990,920,2175,256,88,1,2901,2506,0,22,Uganda,India,0.03925778254868885,0.044444444444444446,3.414134516899966E-4,0,345
312,340,7999,920,2171,253,86,1,2908,2516,0,22,Uganda,India,0.0387977304094464,0.043434343434343436,3.414134516899966E-4,0,340
313,340,8011,921,2158,258,81,1,2914,2522,0,22,Mexico,India,0.03956448397485048,0.04090909090909091,3.414134516899966E-4,0,340
314,338,8022,921,2149,253,84,1,2929,2530,0,23,Mexico,India,0.0387977304094464,0.04242424242424243,3.414134516899966E-4,0,338
315,342,8028,922,2138,255,86,1,2935,2537,0,23,Mexico,India,0.039104431835608036,0.043434343434343436,3.414134516899966E-4,0,342
316,336,8047,922,2125,247,88,1,2947,2542,0,22,Mexico,India,0.03787762613096151,0.044444444444444446,3.414134516899966E-4,0,336
317,327,8060,928,2115,238,88,1,2957,2544,0,21,Mexico,India,0.036497469713234164,0.044444444444444446,3.414134516899966E-4,0,327
318,324,8072,928,2106,238,86,0,2964,2547,0,21,Mexico,India,0.036497469713234164,0.043434343434343436,0,0,324
319,319,8084,928,2099,230,89,0,2973,2556,0,21,Mexico,India,0.03527066400858764,0.04494949494949495,0,0,319
320,311,8098,928,2093,222,89,0,2985,2567,0,21,Mexico,India,0.03404385830394111,0.04494949494949495,0,0,311
321,306,8107,928,2089,218,88,0,2995,2576,0,21,Mexico,India,0.03343045545161785,0.044444444444444446,0,0,306
322,302,8118,930,2080,210,92,0,3001,2587,0,21,Mexico,India,0.032203649746971326,0.046464646464646465,0,0,302
323,290,8133,932,2075,198,92,0,3006,2600,0,21,Mexico,India,0.030363441190001533,0.046464646464646465,0,0,290
324,288,8141,933,2068,195,93,0,3018,2606,0,22,Mexico,India,0.029903389050759087,0.04696969696969697,0,0,288
325,290,8148,934,2058,195,95,0,3031,2613,0,22,Mexico,India,0.029903389050759087,0.047979797979797977,0,0,290
326,281,8162,935,2052,189,92,0,3040,2620,0,21,Mexico,India,0.02898328477227419,0.046464646464646465,0,0,281
327,280,8170,935,2045,187,93,0,3046,2624,0,21,Mexico,India,0.02867658334611256,0.04696969696969697,0,0,280
328,278,8177,935,2040,186,92,0,3057,2629,0,22,Mexico,India,0.028523232633031744,0.046464646464646465,0,0,278
329,271,8188,936,2035,179,92,0,3071,2638,0,22,Mexico,India,0.02744977764146603,0.046464646464646465,0,0,271
330,265,8200,937,2028,178,87,0,3081,2645,0,22,Mexico,India,0.027296426928385218,0.04393939393939394,0,0,265
331,261,8209,937,2023,174,87,0,3088,2653,0,22,Mexico,India,0.026683024076061955,0.04393939393939394,0,0,261
332,254,8220,938,2018,168,86,0,3095,2659,0,22,Mexico,India,0.02576291979757706,0.043434343434343436,0,0,254
333,244,8234,940,2012,162,82,0,3102,2670,0,22,Mexico,India,0.024842815519092162,0.04141414141414142,0,0,244
334,238,8243,940,2009,156,82,0,3114,2679,0,23,Mexico,India,0.02392271124060727,0.04141414141414142,0,0,238
335,238,8248,941,2003,158,80,0,3121,2684,0,23,Mexico,India,0.0242294126667689,0.04040404040404041,0,0,238
336,230,8258,942,2000,152,78,0,3125,2694,0,20,Mexico,India,0.023309308388284006,0.03939393939393939,0,0,230
337,228,8264,943,1995,151,77,0,3136,2704,0,20,Mexico,India,0.02315595767520319,0.03888888888888889,0,0,228
338,229,8271,943,1987,152,77,0,3146,2707,0,19,Mexico,India,0.023309308388284006,0.03888888888888889,0,0,229
339,223,8280,944,1983,148,75,0,3155,2716,0,18,Mexico,India,0.022695905535960743,0.03787878787878788,0,0,223
340,221,8289,944,1976,145,76,0,3163,2726,0,19,Mexico,India,0.022235853396718294,0.03838383838383838,0,0,221
341,216,8297,945,1972,142,74,0,3167,2731,0,19,Mexico,India,0.021775801257475847,0.03737373737373737,0,0,216
342,210,8306,945,1969,140,70,0,3173,2745,0,18,Mexico,India,0.021469099831314217,0.03535353535353535,0,0,210
343,206,8315,946,1963,139,67,0,3184,2757,0,18,Mexico,India,0.0213157491182334,0.03383838383838384,0,0,206
344,201,8325,947,1957,136,65,0,3194,2763,0,18,Mexico,India,0.02085569697899095,0.03282828282828283,0,0,201
345,194,8335,947,1954,131,63,0,3208,2770,0,18,Mexico,India,0.020088943413586875,0.031818181818181815,0,0,194
346,189,8343,947,1951,126,63,0,3215,2777,0,16,Mexico,India,0.019322189848182795,0.031818181818181815,0,0,189
347,186,8347,947,1950,123,63,0,3226,2781,0,16,Mexico,India,0.018862137708940345,0.031818181818181815,0,0,186
348,182,8354,947,1947,118,64,0,3238,2787,0,15,Mexico,India,0.01809538414353627,0.03232323232323232,0,0,182
349,179,8360,947,1944,116,63,0,3248,2799,0,16,Mexico,India,0.017788682717374635,0.031818181818181815,0,0,179
350,173,8367,948,1942,115,58,0,3257,2808,0,16,Mexico,India,0.01763533200429382,0.029292929292929294,0,0,173
351,169,8374,948,1939,113,56,0,3267,2821,0,15,Mexico,India,0.01732863057813219,0.028282828282828285,0,0,169
352,167,8380,948,1935,113,54,0,3272,2830,0,15,Mexico,India,0.01732863057813219,0.02727272727272727,0,0,167
353,159,8390,950,1931,108,51,0,3279,2840,0,16,Mexico,India,0.01656187701272811,0.025757575757575757,0,0,159
354,154,8398,950,1928,104,50,0,3291,2847,0,15,Mexico,India,0.015948474160404846,0.025252525252525252,0,0,154
355,147,8405,951,1927,100,47,0,3297,2855,0,15,Mexico,India,0.015335071308081583,0.023737373737373738,0,0,147
356,150,8407,952,1921,99,51,0,3303,2860,0,15,Mexico,India,0.015181720595000767,0.025757575757575757,0,0,150
357,148,8411,953,1918,96,52,0,3313,2866,0,15,Mexico,India,0.014721668455758318,0.026262626262626262,0,0,148
358,140,8421,954,1915,92,48,0,3318,2869,0,13,Mexico,India,0.014108265603435055,0.024242424242424242,0,0,140
359,137,8427,954,1912,88,49,0,3334,2875,0,13,Mexico,India,0.013494862751111792,0.024747474747474747,0,0,137
360,133,8435,954,1908,84,49,0,3343,2886,0,13,Mexico,India,0.01288145989878853,0.024747474747474747,0,0,133
361,130,8440,955,1905,84,46,0,3351,2896,0,13,Mexico,India,0.01288145989878853,0.023232323232323233,0,0,130
362,131,8444,955,1900,84,47,0,3361,2903,0,11,Mexico,India,0.01288145989878853,0.023737373737373738,0,0,131
363,132,8447,955,1896,84,48,0,3373,2910,0,11,Mexico,India,0.01288145989878853,0.024242424242424242,0,0,132
364,129,8455,955,1891,82,47,0,3393,2920,0,10,Mexico,India,0.012574758472626898,0.023737373737373738,0,0,129
365,129,8459,955,1887,84,45,0,3405,2930,0,10,Mexico,India,0.01288145989878853,0.022727272727272728,0,0,129
